0 1.87500095152624
0.0374150892664512 1.87500095152624
0.0748301785329025 1.87500095152624
0.112245267799354 1.87500095152624
0.149660357065805 1.87500095152624
0.187075446332256 1.87500095152624
0.224490535598707 1.87500095152624
0.261905624865159 1.87500095152624
0.29932071413161 1.87500095152624
0.336735803398061 1.87500095152624
0.374150892664512 1.87500095152624
0.411565981930963 1.87500095152624
0.448981071197415 1.87500095152624
0.486396160463866 1.87500095152624
0.523811249730317 1.87500095152624
0.561226338996768 1.87500095152624
0.59864142826322 1.87500095152624
0.636056517529671 1.87500095152624
0.673471606796122 1.87500095152624
0.710886696062573 1.87500095152624
0.748301785329024 1.87500095152624
0.785716874595476 1.87500095152624
0.823131963861927 1.87500095152624
0.860547053128378 1.87500095152624
0.897962142394829 1.87500095152624
0.93537723166128 1.87500095152624
0.972792320927732 1.87500095152624
1.01020741019418 1.87500095152624
1.04762249946063 1.87500095152624
1.08503758872709 1.87500096893986
1.12245267799354 1.8750976980727
1.15986776725999 1.87804753648067
1.19728285652644 1.89829755439604
1.23469794579289 1.96687641155607
1.27211303505934 2.1240408033382
1.30952812432579 2.40107594450138
1.34694321359224 2.79868325445731
1.3843583028587 3.27262410269356
1.42177339212515 3.73584946532449
1.4591884813916 4.08034702783576
1.49660357065805 4.21354945230172
1.5340186599245 4.09658992163896
1.57143374919095 3.76369638020393
1.6088488384574 3.30497528030425
1.64626392772386 2.82864620875985
1.68367901699031 2.42404449318046
1.72109410625676 2.13854742528405
1.75850919552321 1.97414383904742
1.79592428478966 1.90093403909861
1.83333937405611 1.87860221218076
1.87075446332256 1.87513180663272
1.90816955258901 1.8750010396544
1.94558464185547 1.87500095152624
1.98299973112192 1.87500095152624
2.02041482038837 1.87500095152624
2.05782990965482 1.87500095152624
2.09524499892127 1.87500095152624
2.13266008818772 1.87500095152624
2.17007517745417 1.87500095152624
2.20749026672063 1.87500095152624
2.24490535598708 1.87500095152624
2.28232044525353 1.87500095152624
2.31973553451998 1.87500095152624
2.35715062378643 1.87500095152624
2.39456571305288 1.87500095152624
2.43198080231933 1.87500095152624
2.46939589158578 1.87500095152624
2.50681098085224 1.87500095152624
2.54422607011869 1.87500095152624
2.58164115938514 1.87500095152624
2.61905624865159 1.87500095152624
2.65647133791804 1.87500095152624
2.69388642718449 1.87500095152623
2.73130151645094 1.87500095152623
2.76871660571739 1.87500095152623
2.80613169498385 1.87500095152623
2.8435467842503 1.87500095152623
2.88096187351675 1.87500095152623
2.9183769627832 1.87500095152623
2.95579205204965 1.87500095152623
2.9932071413161 1.87500095152623
3.03062223058255 1.87500095152623
3.06803731984901 1.87500095152623
3.10545240911546 1.87500095152623
3.14286749838191 1.87500095152623
3.18028258764836 1.87500095152623
3.21769767691481 1.87500095152623
3.25511276618126 1.87500095152623
3.29252785544771 1.87500095152623
3.32994294471416 1.87500095152623
3.36735803398062 1.87500095152623
3.40477312324707 1.87500095152623
3.44218821251352 1.87500095152623
3.47960330177997 1.87500091669898
3.51701839104642 1.8748051983353
3.55443348031287 1.87024048013691
3.59184856957932 1.84495875721143
3.62926365884578 1.76872432085781
3.66667874811223 1.607354889168
3.70409383737868 1.34111194373516
3.74150892664513 0.983026398063206
3.77892401591158 0.587048362081213
3.81633910517803 0.239046629225666
3.85375419444448 0.0305960556450078
3.89116928371093 0.0234702696815599
3.92858437297739 0.219891576778486
3.96599946224384 0.561312249573562
4.00341455151029 0.957004383177917
4.04082964077674 1.31973982246704
4.07824473004319 1.59295163924492
4.11565981930964 1.76097042449288
4.15307490857609 1.84186145730457
4.19048999784254 1.86947157032338
4.227905087109 1.874735910846
4.26532017637545 1.87500077526991
4.3027352656419 1.87500095152624
4.34015035490835 1.87500095152624
4.3775654441748 1.87500095152624
4.41498053344125 1.87500095152624
4.4523956227077 1.87500095152624
4.48981071197416 1.87500095152624
4.52722580124061 1.87500095152624
4.56464089050706 1.87500095152624
4.60205597977351 1.87500095152624
4.63947106903996 1.87500095152624
4.67688615830641 1.87500095152624
4.71430124757286 1.87500095152625
4.75171633683931 1.87500095152625
4.78913142610577 1.87500095152625
4.82654651537222 1.87500095152625
4.86396160463867 1.87500095152625
4.90137669390512 1.87500095152625
4.93879178317157 1.87500095152625
4.97620687243802 1.87500095152625
5.01362196170447 1.87500095152625
5.05103705097093 1.87500095152625
5.08845214023738 1.87500095152625
5.12586722950383 1.87500095152625
5.16328231877028 1.87500095152625
5.20069740803673 1.87500095152625
5.23811249730318 1.87500095152625
5.27552758656963 1.87500095152625
5.31294267583608 1.87500095152625
5.35035776510254 1.87500095152625
5.38777285436899 1.87500095152625
5.42518794363544 1.87500095152625
5.46260303290189 1.87500095152625
5.50001812216834 1.87500095152625
5.53743321143479 1.87500095152625
5.57484830070124 1.87500095152625
5.6122633899677 1.87500095152625
5.64967847923415 1.87500095152625
5.6870935685006 1.87500095152625
5.72450865776705 1.87500095152625
5.7619237470335 1.87500095152625
5.79933883629995 1.87500095152625
5.8367539255664 1.87500096893987
5.87416901483285 1.87509769807271
5.91158410409931 1.87804753648068
5.94899919336576 1.89829755439604
5.98641428263221 1.96687641155608
6.02382937189866 2.12404080333821
6.06124446116511 2.40107594450139
6.09865955043156 2.79868325445732
6.13607463969801 3.27262410269356
6.17348972896446 3.7358494653245
6.21090481823092 4.08034702783577
6.24831990749737 4.21354945230173
6.28573499676382 4.09658992163896
6.32315008603027 3.76369638020394
6.36056517529672 3.30497528030425
6.39798026456317 2.82864620875985
6.43539535382962 2.42404449318046
6.47281044309608 2.13854742528405
6.51022553236253 1.97414383904742
6.54764062162898 1.90093403909861
6.58505571089543 1.87860221218076
6.62247080016188 1.87513180663272
6.65988588942833 1.8750010396544
6.69730097869478 1.87500095152623
6.73471606796123 1.87500095152623
6.77213115722769 1.87500095152623
6.80954624649414 1.87500095152623
6.84696133576059 1.87500095152623
6.88437642502704 1.87500095152623
6.92179151429349 1.87500095152623
6.95920660355994 1.87500095152623
6.99662169282639 1.87500095152623
7.03403678209285 1.87500095152623
7.0714518713593 1.87500095152623
7.10886696062575 1.87500095152623
7.1462820498922 1.87500095152623
7.18369713915865 1.87500095152623
7.2211122284251 1.87500095152623
7.25852731769155 1.87500095152623
7.295942406958 1.87500095152623
7.33335749622446 1.87500095152623
7.37077258549091 1.87500095152623
7.40818767475736 1.87500095152623
7.44560276402381 1.87500095152623
7.48301785329026 1.87500095152623
7.52043294255671 1.87500095152623
7.55784803182316 1.87500095152623
7.59526312108961 1.87500095152623
7.63267821035607 1.87500095152623
7.67009329962252 1.87500095152623
7.70750838888897 1.87500095152623
7.74492347815542 1.87500095152623
7.78233856742187 1.87500095152623
7.81975365668832 1.87500095152623
7.85716874595477 1.87500095152623
7.89458383522123 1.87500095152623
7.93199892448768 1.87500095152623
7.96941401375413 1.87500095152623
8.00682910302058 1.87500095152623
8.04424419228703 1.87500095152623
8.08165928155348 1.87500095152623
8.11907437081993 1.87500095152623
8.15648946008638 1.87500095152623
8.19390454935284 1.87500095152623
8.23131963861929 1.87500091669898
8.26873472788574 1.8748051983353
8.30614981715219 1.87024048013691
8.34356490641864 1.84495875721143
8.38097999568509 1.76872432085781
8.41839508495154 1.607354889168
8.45581017421799 1.34111194373516
8.49322526348445 0.983026398063205
8.5306403527509 0.587048362081212
8.56805544201735 0.239046629225666
8.6054705312838 0.0305960556450077
8.64288562055025 0.02347026968156
8.6803007098167 0.219891576778486
8.71771579908315 0.561312249573562
8.7551308883496 0.957004383177917
8.79254597761606 1.31973982246704
8.82996106688251 1.59295163924492
8.86737615614896 1.76097042449288
8.90479124541541 1.84186145730457
8.94220633468186 1.86947157032338
8.97962142394831 1.874735910846
9.01703651321476 1.87500077526991
9.05445160248122 1.87500095152624
9.09186669174767 1.87500095152624
9.12928178101412 1.87500095152624
9.16669687028057 1.87500095152624
9.20411195954702 1.87500095152624
9.24152704881347 1.87500095152624
9.27894213807992 1.87500095152625
9.31635722734637 1.87500095152625
9.35377231661283 1.87500095152625
9.39118740587928 1.87500095152625
9.42860249514573 1.87500095152625
9.46601758441218 1.87500095152625
9.50343267367863 1.87500095152625
9.54084776294508 1.87500095152625
9.57826285221153 1.87500095152625
9.61567794147799 1.87500095152625
9.65309303074444 1.87500095152625
9.69050812001089 1.87500095152625
9.72792320927734 1.87500095152625
9.76533829854379 1.87500095152625
9.80275338781024 1.87500095152625
9.84016847707669 1.87500095152625
9.87758356634314 1.87500095152625
9.9149986556096 1.87500095152625
9.95241374487605 1.87500095152625
9.9898288341425 1.87500095152625
